0
0
0
0
0
0
0
0
0
0
0
0
0
0
0
0
0
0
0
0
0
0
0
0
0
0
0
0
0
0
0
0
0
0
0
0
0
0
0
0
0
0
0
0
0
0
0
0
0
0
0
0
0
0
0
0
0
0
0
0
0
0
0
0
0
0
0
0
0
0
0
0
0
0
0
0
0
0
0
0
0
0
0
0
0
0
0
0
0
0
0
0
0
0
0
0
0
0
0
0
0
0
0
0
0
0
0
0
0
0
0
0
0
0
0
0
0
0
0
0
0
0
0
0
0
0
0
0
0
0
0
0
0
0
0
0
0
0
0
0
0
0
0
0
0
0
0
0
0
0
0
0
0
0
0
0
0
0
0
0
0
0
0
0
0
0
0
0
0
0
0
0
0
0
0
0
0
0
0
0
0
0
0
0
0
0
0
0
0
0
0
0
0
0
0
0
0
0
0
0
0
0
0
0
0
0
0
0
0
0
0
0
0
0
0
0
0
0
0
0
0
0
0
0
0
0
0
0
0
0
0
0
0
0
0
0
0
0
0
0
0
0
0
0
0
0
0
0
0
0
0
0
0
0
0
0
0
0
0
0
0
0
0
0
0
0
0
0
0
0
0
0
0
0
0
0
0
0
0
0
0
0
0
0
0
0
0
0
0
0
0
0
0
0
0
0
0
0
0
0
0
0
0
0
0
0
0
0
0
0
0
0
0
0
0
0
0
0
0
0
0
0
0
0
0
0
0
0
0
0
0
0
0
0
0
0
0
0
0
0
0
0
0
0
0
0
0
0
0
0
0
0
0
0
0
0
0
0
0
0
0
0
0
0
0
0
0
0
0
0
0
0
0
0
0
0
0
0
0
0
0
0
0
0
0
0
0
0
1226448
1074488912
-1094437456
2
1074488912
-1094437456
-1
0
0
0
0
0
0
0
0
0
0
1191936
1191672
1191672
0
5
1224704
1236992
1235276
1246412
1191936
3
0
0
0
0
0
0
0
0
0
0
0
0
0
0
0
0
0
0
0
0
0
0
0
0
-1094437232
-1094437072
32
-1094437456
1074768432
1074819072
-1094437508
1074488912
1074488896
1074488912
1074488896
1074488912
1074489536
1074710700
-512
-1094437512
1074489508
1
1074822319
0
-1094437512
1074821440
1
0
1075047216
1074488912
1074819144
1074693560
0
0
1651076143
1651076143
1869819491
1929393710
3550831
909012851
779055872
779026486
779026486
1076195328
1076204748
1074669680
0
0
1074819144
1074699516
-1094437856
400066148
3
1074488896
33488
1074821420
0
1075029850
1074819072
1074699232
1074818560
7
1
1074819072
7938
0
0
4544
33133
1
0
0
0
0
0
0
1209852
0
4096
0
2363
0
1337220962
0
1293679263
0
1332482790
0
4544
0
0
33488
1074819072
1074821440
1074821928
0
0
-512
72
1074699516
1074821440
1
0
-1094436996
0
0
0
0
1
1
0
-232
10
-1094436992
-1094437512
-1094436985
0
1074819072
512
1179403647
65793
0
0
2621443
1
88880
52
1206652
83886082
2097204
2621452
5177424
1879048193
1145880
1145880
1145880
4512
4512
4
4
6
52
52
52
384
384
5
4
3
1142980
1142980
1142980
20
20
4
4
1
0
0
0
1191672
1191672
5
32768
1
1193680
1226448
1226448
8828
19964
6
32768
2
1199880
1232648
1232648
248
248
6
4
4
436
436
436
32
32
4
4
7
1193680
1226448
1226448
8
64
4
4
1685382480
1150392
1150392
1150392
5276
5276
4
4
1685382481
0
0
0
0
0
7
-1094436356
1075029850
1076190992
0
1074488912
-512
-1094436624
-1094436284
1074717788
0
0
0
0
0
1074724764
6144
1074821212
-1094436332
-1094436328
-1094436321
1074717720
0
0
6
27
0
1075029850
1076190992
0
1074488912
-512
-1094436624
-1094436284
-1094437080
1074724732
0
0
0
0
0
0
0
0
0
0
0
0
0
0
0
0
0
0
0
1074724764
0
1074821212
-1094436332
-1094436328
-1094436321
1074717720
0
0
0
0
0
33488
69408
0
1074821440
-512
0
-1094436284
-1094436920
1074724732
1074970000
1
0
1074489600
-315854673
1074705576
1074973392
1
0
1074489600
2090266759
1074705576
124347269
-1094436540
1074775904
1074973392
-1094436740
1075007508
65320836
-1094436516
1074775904
1074821272
1074973444
101
1074489704
1074820424
0
0
1
2129
1074489912
1074488912
1074669026
1075007716
1074668344
1
1075014619
1074821880
2090266759
-1094436324
-1094436528
0
1074669026
-1094436516
-1094436476
1074706312
-1094436528
1074821788
0
1074489912
1
0
1
1074820424
1074820424
0
0
72
0
1074489352
1074819072
1074488912
0
72
0
1074821880
1074819072
1074820424
1967202405
942809191
976302368
842675507
1074993940
1074488912
12849
260214783
0
1074488912
1075007508
1074488912
2
448693
6448
1074820424
1074668344
1074669412
22
7
600
1074820424
0
1074713152
1074489912
1
1
0
-1094436488
1074819000
1074769344
1074776856
0
1074821272
1074769344
1074821272
1074776856
-512
24
72
1074668680
1074821880
1074669420
0
1074819072
1074667520
1074669070
1073964224
0
0
0
0
1073964224
0
1074819144
1074669220
200
0
1074489964
0
1073964224
1075007508
1074819072
1074819072
1074821440
72
2140
0
0
1074819072
1074821440
1074679196
0
0
0
0
0
0
0
0
0
0
0
0
0
0
0
0
0
0
-46572
0
1073964224
0
65536
2140
1074821236
1
1074820424
1074821212
0
0
0
0
0
0
0
0
0
0
1
0
0
0
0
0
0
0
0
0
0
0
0
1074819072
-512
-188
1074818560
33235
100
0
4096
1074749456
0
10
32820
100
0
1074673852
0
33952
0
1074819144
1074819072
1074820424
-1094435280
-1094435912
1074669420
1074819100
-1094435940
1074685156
0
0
1074667520
1074669420
151580
1074753560
-1094435912
1074685756
0
0
0
1074821212
-1094435280
1074819072
1074667520
0
1074818888
0
0
0
0
0
0
0
1074818952
1074818944
1074818896
1074818912
1074818920
0
0
0
1074818928
1074818936
0
0
1074818888
0
0
1074818976
1074818984
1074818992
1074818960
0
0
1074818968
0
0
0
0
0
0
0
0
0
0
0
0
1074819008
1074819000
0
1074819024
1074972952
1
0
1074489600
-163754450
1074705576
0
0
0
1074972952
-1094435644
1075005748
129100401
-1094435420
1074775904
1074821272
1074973444
105
34076
34636
1076198240
0
